_child0 -0.92432, 200.22745, 2.16211      0 float3
_child1 1.00, 0.25, 6000.00, 0.00017      16 float4
_child2 -23999.00, 24000.00, -3.99983, 4.00 32 float4
_child3 0.12334, 0.41277, 0.87125, 1.30   48 float4
_child4 0.045, 0.00052, 0.00, 0.00        64 float4
_child5 0.00391, -0.0625, 1.00, 1.00      80 float4
_child6 0.05398, 0.29356, 0.64812, 0.90   96 float4
_child7 0.07681, -0.0759, -0.3148, 0.00   112 float4
_child8 0.0039, -0.7718, 0.00042, -0.00671 128 float4
_child9 0.15255, 0.53414, 0.90876, 0.00017 144 float4
_child10 -0.001, 9.00, -0.001, 1.19796     160 float4
_child11 1.00, 1.00, 1.00, 16.00           176 float4
_child12 1.00, 0.00, -0.01, 2.50           192 float4
_child13 0.90305, -0.10198, 1.00, 0.00     208 float4
_child14 1.00, 0.90, 0.00, 0.00            224 float4
_child15 -1632.0802, 0.00, 2615.10693, 0.00 240 float4
_child16 1.00, 1.00, 1.00, 0.07213         256 float4
_child17 1.00, -1.00, 10000.00, 0.00       272 float4
_child18 1.00, 1.00, 1.00, -16.00          288 float4
_child19 0.00, 0.00, 0.00, 0.00            304 float4
_child20 0.00, 0.00, 0.00, 0.00            320 float4
_child21 0.00                              336 float
_child22 0.00, 0.00, 0.00                  352 float3
_child23 0.00, 0.00, 0.00, 0.00            368 float4
_child24 0.00, 0.00, 0.00, 0.00            384 float4
_child25 0.00                              400 float
