_child0 -0.9292, 500.00, 2.16016           0 float3
_child1 1.00, 0.25, 6000.00, 0.00017       16 float4
_child2 -23999.00, 24000.00, -3.99983, 4.00 32 float4
_child3 0.10416, 0.42472, 0.93722, 1.30    48 float4
_child4 0.045, 0.00037, 0.00, 0.00         64 float4
_child5 0.00391, -0.0625, 1.00, 1.00       80 float4
_child6 0.01972, 0.22688, 0.54736, 0.90    96 float4
_child7 0.10772, -0.01494, -0.22294, 0.00  112 float4
_child8 0.00385, -0.76608, 0.00042, -0.00671 128 float4
_child9 0.13454, 0.48555, 0.81033, 0.00017 144 float4
_child10 -0.001, 9.00, -0.001, 1.19919      160 float4
_child11 1.00, 1.00, 1.00, 16.00            176 float4
_child12 1.00, 0.00, -0.01, 2.50            192 float4
_child13 1.32188E-06, -13.53645, 1.00, 0.00 208 float4
_child14 1.00, 0.90, 0.00, 0.00             224 float4
_child15 -1632.0802, 0.00, 2615.10693, 0.00 240 float4
_child16 1.00, 1.00, 1.00, 0.07213          256 float4
_child17 1.00, -1.00, 10000.00, 0.00        272 float4
_child18 1.00, 1.00, 1.00, -16.00           288 float4
_child19 0.00, 0.00, 0.00, 0.00             304 float4
_child20 0.00, 0.00, 0.00, 0.00             320 float4
_child21 0.00                               336 float
_child22 0.00, 0.00, 0.00                   352 float3
_child23 0.00, 0.00, 0.00, 0.00             368 float4
_child24 0.00, 0.00, 0.00, 0.00             384 float4
_child25 0.00                               400 float
