_child0 -0.9292, 500.00, 2.16016           0 float3
_child1 1.00, 0.25, 6000.00, 0.00017       16 float4
_child2 -23999.00, 24000.00, -3.99983, 4.00 32 float4
_child3 0.00, 0.10678, 0.22091, 1.00       48 float4
_child4 0.045, 0.00577, 0.00, 0.00         64 float4
_child5 0.00391, -0.0625, 1.00, 1.00       80 float4
_child6 0.13748, 0.28315, 0.53405, 0.90    96 float4
_child7 -0.12431, -0.22372, -0.38671, 0.00 112 float4
_child8 0.01667, -3.33333, 0.00042, -0.00671 128 float4
_child9 0.01606, 0.08907, 0.20588, 0.00017 144 float4
_child10 -0.001, 9.00, -0.001, 1.20         160 float4
_child11 1.00, 1.00, 1.00, 16.00            176 float4
_child12 1.00, 0.00, -0.01, 2.50            192 float4
_child13 1.37096E-06, -13.50, 1.00, 0.00    208 float4
_child14 1.00, 0.90, 0.00, 0.00             224 float4
_child15 -1632.0802, 0.00, 2615.10693, 0.00 240 float4
_child16 1.00, 1.00, 1.00, 0.07213          256 float4
_child17 1.00, -1.00, 10000.00, 0.00        272 float4
_child18 1.00, 1.00, 1.00, -16.00           288 float4
_child19 0.00, 0.00, 0.00, 0.00             304 float4
_child20 0.00, 0.00, 0.00, 0.00             320 float4
_child21 0.00                               336 float
_child22 0.00, 0.00, 0.00                   352 float3
_child23 0.00, 0.00, 0.00, 0.00             368 float4
_child24 0.00, 0.00, 0.00, 0.00             384 float4
_child25 0.00                               400 float
