uvs
6570.39844, -2943.79346, -3130.46436
6924.21387,  6967.17188, -3818.59668
-9146.83594, -2943.79346, -11211.75684

VS
uniforms23
_child0    1.00, 0.25, 6000.00, 0.00017 0   float4
_child1                                 16  float4[4]
_child1[0] 1.00, 0.00, 0.00, 0.00       16  float4
_child1[1] 0.00, 1.00, 0.00, 0.00       32  float4
_child1[2] 0.00, 0.00, 1.00, 0.00       48  float4
_child1[3] 0.00, 0.00, 0.00, 1.00       64  float4
_child2                                 80  float4[4]
_child2[0] 2.00, 0.00, 0.00, 0.00       80  float4
_child2[1] 0.00, 2.00, 0.00, 0.00       96  float4
_child2[2] 0.00, 0.00, -0.00033, 0.00   112 float4
_child2[3] -1.00, -1.00, -1.00, 1.00    128 float4

PS
uniforms64
_child0  4.72038, 196.40625, -8.97445         0   float3
_child1  1.00, 0.25, 6000.00, 0.00017         16  float4
_child2  -23999.00, 24000.00, -3.99983, 4.00  32  float4
_child3  0.09966, 0.37807, 0.79386, 1.1879    48  float4
_child4  0.045, 0.00376, 0.00, 0.00           64  float4
_child5  0.00391, -0.0625, 1.00, 1.00         80  float4
_child6  0.00721, 0.1452, 0.38323, 0.90       96  float4
_child7  0.02258, 0.01951, -0.08341, 0.00     112 float4
_child8  0.00393, -0.79396, 0.00042, -0.00671 128 float4
_child9  0.00208, 0.23016, 0.33588, 0.00017   144 float4
_child10 -0.001, 9.00, -0.001, 1.20191        160 float4
_child11 1.00, 1.00, 1.00, 16.00              176 float4
_child12 1.00, 0.00, -0.01, 2.50              192 float4
_child13 1.28117, 0.24777, 1.00, 0.00         208 float4
_child14 1.00, 0.90, 0.00, 0.00               224 float4
_child15 -1638.7793, 0.00, 2659.17578, 0.00   240 float4
_child16 1.00, 1.00, 1.00, 0.07213            256 float4
_child17 1.00, -1.00, 10000.00, 0.00          272 float4
_child18 1.00, 1.00, 1.00, -16.00             288 float4
_child19 0.00, 0.00, 0.00, 0.00               304 float4
_child20 0.00, 0.00, 0.00, 0.00               320 float4
_child21 0.00                                 336 float
_child22 0.00, 0.00, 0.00                     352 float3
_child23 0.00, 0.00, 0.00, 0.00               368 float4
_child24 0.00, 0.00, 0.00, 0.00               384 float4
_child25 0.00                                 400 float

specID4 0 0 uint
